142
155
142
133
171
189
221
148
191
149
194
173
208
228
171
235
191
197
280
247
202
248
288
282
278
237
275
297
329
251
263
303
261
296
329
361
354
339
334
310
303
354
359
361
416
405
397
374
374
420
415
439
459
442
402
381
383
465
439
473
410
442
418
442
476
506
483
480
485
525
530
466
521
539
569
535
511
576
518
520
545
522
568
590
588
569
628
625
565
554
612
600
580
591
660
637
626
671
626
691
